*
*
1.00 1.00 1.00 1.00 1.00 1.00 1.00 1.00 1.00 1.00 1.00 1.00 0
1.00 1.00 1.00 1.00 1.00 1.00 1.00 1.00 1.00 1.00 1.00 1.00 3
1.00 1.00 1.00 1.00 1.00 1.00 1.00 1.00 1.00 1.00 1.00 1.00 1
1.00 1.00 1.00 1.00 1.00 1.00 1.00 1.00 1.00 1.00 1.00 1.00 0
1.00 1.00 1.00 1.00 1.00 1.00 1.00 1.00 1.00 1.00 1.00 1.00 0
1.00 1.00 1.00 1.00 1.00 1.00 1.00 1.00 1.00 1.00 1.00 1.00 1
0.10 0.10 0.10 0.10 0.20 0.20 0.20 0.20 0.20 0.10 0.10 0.10 1
0.10 0.10 0.10 0.10 0.20 0.20 0.20 0.20 0.20 0.10 0.10 0.10 1
0.10 0.10 0.10 0.10 0.20 0.20 0.20 0.20 0.20 0.10 0.10 0.10 0
0.80 0.80 0.80 0.80 0.80 0.80 0.80 0.80 0.80 0.80 0.80 0.80 3
0.80 0.80 0.80 0.80 0.80 0.80 0.80 0.80 0.80 0.80 0.80 0.80 2
0.20 0.20 0.20 0.70 0.70 0.70 0.60 0.40 0.20 0.20 0.20 0.20 1
0.20 0.20 0.60 0.80 0.80 0.80 0.60 0.40 0.20 0.20 0.20 0.20 1
0.20 0.20 0.20 0.20 1.05 1.13 1.20 1.20 0.98 0.20 0.20 0.20 1
0.20 0.20 0.20 0.30 0.40 0.61 0.70 0.68 0.59 0.47 0.20 0.20 2
0.60 0.60 0.60 0.70 0.85 0.80 0.70 0.70 0.70 0.60 0.60 0.60 2
0.60 0.60 0.60 0.60 0.60 0.60 0.60 0.60 0.60 0.60 0.60 0.60 2
0.90 0.90 0.90 0.90 0.90 0.90 0.90 0.90 0.90 0.90 0.90 0.90 3
0.40 0.40 0.40 0.60 0.80 0.80 0.80 0.80 0.80 0.60 0.40 0.40 2
0.30 0.30 0.30 0.50 0.70 0.70 0.70 0.70 0.70 0.50 0.30 0.30 2
0.50 0.50 0.50 0.70 0.90 0.90 0.90 0.90 0.90 0.70 0.50 0.50 3
0.50 0.50 0.50 0.70 0.90 0.90 0.90 0.90 0.90 0.70 0.50 0.50 5
0.60 0.60 0.60 0.80 1.00 1.00 1.00 1.00 1.00 0.80 0.60 0.60 9
0.70 0.70 0.73 0.80 0.87 0.90 0.90 0.90 0.90 0.86 0.80 0.73 9
0.65 0.65 0.67 0.80 0.94 0.95 0.95 0.95 0.95 0.83 0.70 0.67 9
0.60 0.60 0.60 0.60 0.60 0.60 0.60 0.60 0.60 0.60 0.60 0.60 3
0.80 0.80 0.80 0.80 0.80 0.80 0.80 0.80 0.80 0.80 0.80 0.80 4
0.70 0.70 0.70 0.70 0.70 0.70 0.70 0.70 0.70 0.70 0.70 0.70 4
0.10 0.10 0.10 0.10 0.10 0.10 0.10 0.10 0.10 0.10 0.10 0.10 0
0.10 0.10 0.10 0.10 0.10 0.10 0.10 0.10 0.10 0.10 0.10 0.10 0
0.15 0.15 0.15 0.15 0.15 0.15 0.15 0.15 0.15 0.15 0.15 0.15 1
0.30 0.30 0.30 0.30 0.30 0.30 0.30 0.30 0.30 0.30 0.30 0.30 1
1.00 1.00 1.00 1.00 1.00 1.00 1.00 1.00 1.00 1.00 1.00 1.00 0
1.00 1.00 1.00 1.00 1.00 1.00 1.00 1.00 1.00 1.00 1.00 1.00 0
1.00 1.00 1.00 1.00 1.00 1.00 1.00 1.00 1.00 1.00 1.00 1.00 0
1.00 1.00 1.00 1.00 1.00 1.00 1.00 1.00 1.00 1.00 1.00 1.00 0
1.00 1.00 1.00 1.00 1.00 1.00 1.00 1.00 1.00 1.00 1.00 1.00 0
1.00 1.00 1.00 1.00 1.00 1.00 1.00 1.00 1.00 1.00 1.00 1.00 0
0.00 0.00 0.00 0.00 0.00 0.00 0.00 0.00 0.00 0.00 0.00 0.00 0
